99942        KC2012 02 16.86087 02 42 24.70 +10 27 34.1          19.7 Rd~0dz0B66
99942        KC2012 02 26.06399603 20 23.35 +13 17 22.2          20.6 Vt~0eQKH21
99942        KC2012 03 14.81842 04 29 52.80 +17 19 52.9          20.0 Ru~0f5gB04
99942        KC2012 03 14.82797 04 29 55.00 +17 19 58.5          20.9 Ru~0f5gB04
99942        KC2012 03 14.83771 04 29 57.20 +17 20 05.0          20.7 Ru~0f5gB04
99942         C2012 03 23.77567 05 03 25.35 +18 41 11.9          21.0 Ro~0iO9461
99942         C2012 03 23.78294 05 03 26.91 +18 41 14.9          20.8 Ro~0iO9461
99942         C2012 03 23.79015 05 03 28.50 +18 41 18.2          20.8 Ro~0iO9461
99942         C2012 03 24.78155 05 07 08.23 +18 48 40.5          20.8 Ro~0iO9461
99942         C2012 03 24.79028 05 07 10.16 +18 48 44.7          21.2 Ro~0iO9461
99942         C2012 03 24.79829 05 07 11.89 +18 48 47.7          20.6 Ro~0iO9461
99942         C2012 04 20.14870 06 41 12.81 +20 14 34.7                r~0fzCG96
99942         C2012 04 20.14999 06 41 13.09 +20 14 34.4          21.1 Vr~0fzCG96
99942         C2012 04 20.15125 06 41 13.34 +20 14 34.2          21.1 Vr~0fzCG96
99942         C2012 05 08.25800 07 42 43.055+19 21 57.56         21.0 wL~0gczF51
99942         C2012 05 08.26263 07 42 43.972+19 21 55.84         21.1 wL~0gczF51
99942         C2012 05 08.26730 07 42 44.881+19 21 54.37         21.0 wL~0gczF51
99942         C2012 05 08.27193 07 42 45.811+19 21 52.86         21.0 wL~0gczF51